100
1 2
01
00
10 10
0001001111 1110010010 0101100110 0011011000 1010011101 1101001011 0110111101 1110100001 0001110110 1000100000
1101110011 0100110110 1001001111 0001010011 1010100101 1111001110 0110100001 0110011000 0010001000 1001111100
2 3
000 101
011 000
2 9
001110100 011011100
100001011 110100011
5 6
000101 101000 010011 101101 111000
111100 000010 000111 010111 101010
10 10
1111001000 0000011010 0011101011 1010101001 0010010110 0001010011 1101100101 1100110101 0110000110 1101111100
0000101101 0010100001 0001010000 0011101000 1000010010 1111011110 0100111101 1110001110 1101110011 1111000111
6 9
000000110 010110111 100101011 011001110 001110010 000001111
100011110 111010110 101101010 000110011 110101111 100010111
10 10
1011101010 0110011100 1001001100 0101110010 1011000001 0100000010 1100101101 1110110111 0010011101 0001110011
0110010100 0100011001 1011001001 0110111111 1000100111 1100100110 1111001000 0001111000 1001010111 0011100010
4 10
0000110001 1101101111 1111101111 0010110001
0010010000 1101001110 0000010000 1111001110
10 10
1110001000 0010111111 1010010100 0101101110 0001110001 0001111011 1110100001 1100001110 0011010110 1101000001
1001101010 1101110101 1001100000 0101011010 0010001111 0110010011 0110111010 0100010101 1010100100 1011001101
10 10
0000100000 1111010101 1000000110 0011101100 1101111001 1110000111 0001001100 1110110010 0101111011 0010011011
1011110101 1110101110 1001001110 0110101100 1010011001 0100000000 1000111001 0101010010 0101100111 0011010011
10 10
0100000000 0101011001 1010001000 1000111110 0101010110 1000111011 0011100111 1111110100 0110100001 1011001111
0000111001 0110001000 0000110110 1110100000 0001101111 1010011011 0011001110 1111100111 1101010100 1101010001
10 9
011011011 010100100 111100111 000010000 011110000 001011011 101110110 010000110 110100100 110111110
101101000 001011011 110111110 010010101 010001001 011100000 110110010 101001011 001000000 000110111
10 10
0000011111 1111001110 1100001000 1000111010 0011010111 1100110000 0010111001 1111100000 0101000111 0011100101
0110111111 0001100101 0010001101 0001001011 1011000010 0010110101 1101010010 1100111100 1101100000 1110011010
5 8
11011010 00110011 01001001 11110001 00010000
11110110 01100111 11101110 00001000 00011111
1 8
00110010
00100100
10 10
1011101001 0111011110 1100111100 1000111111 0101011001 1011000011 0011100010 0000000100 1100000111 0110110000
1111111111 1100010110 1101111000 0110011010 1001000100 1010100010 0010011001 0001001111 0001100101 0110100001
10 10
0111100100 0101111110 0101001010 1100011010 1100011011 0010110101 1001000010 1010110101 0010100101 1011001001
0001010101 0100001100 1010100010 1101011101 0100001101 0010100010 1010110010 1101101001 1111110011 0011011110
10 10
0100111000 1000001111 0110110011 1011000111 1100011011 0111011010 0010100111 1111010011 0000101100 0011001110
0101011010 0001001110 1001000111 1010001111 1101010011 0000100111 1110011011 0100110011 0010101100 0110111000
8 7
1110001 1010000 1011000 1110011 0110010 0110011 1111101 0000111
1011011 1100001 0000000 0111001 1100011 0110110 1000100 0010001
10 10
0001111010 0100000101 1111110100 1110011011 1001000001 1010101011 1101000101 0001111110 0110111000 0010000110
0100000111 0010000100 0110111010 0001111100 1111110110 1001000011 1110011001 1101000111 1010101001 0001111000
5 8
10000111 00000010 00000111 00101001 10100010
00110000 10110101 00010101 10011110 10110000
1 4
0000
0010
6 8
01011010 01011011 00010110 10000011 10101111 11001110
00100110 00001010 01101011 11111110 11111111 10110011
10 10
1100100001 1011010011 0010100111 0011101010 0100010110 1001111000 1001011000 0110010101 0111001111 1100101100
0111000100 1000001001 0010110000 1101110110 1001010011 1100111011 1010001010 0010111101 0101001111 0111100100
10 10
1100101010 0000000101 1001110101 0111001001 0001101010 1011000110 0000011010 1110010010 0110110101 1111111101
0010111100 0001101011 0101010000 0111100011 1110010011 1000100011 1110001100 1111111100 0000000100 1001011111
7 10
1011111110 0000110010 0101001001 1000111001 1111111010 0110011001 0011011101
0011010000 1111001111 1001001111 1010001010 0111010110 0010111000 0111011111
2 7
0111100 1000101
1011010 0100011
10 10
0110111011 0011110111 1001001001 1110001001 1011010101 1000100010 0100000100 0101110110 1000011100 0111101010
0100100101 1011010111 1100010111 0111101000 1010000010 1010111100 0101110100 0001101001 1001001011 0110011010
10 10
1000011111 1001101100 1101101111 0111111011 1110010110 1011000100 0011001000 0000110000 0110100011 0100010001
1000100001 1100010010 0000101101 1101001010 0110000110 0011110110 1011011001 0101111111 1111111000 0010000101
10 10
0100001111 1100001001 1011111011 0111000110 0010010010 1000010101 0100111100 1001111000 1111100101 0011100010
0011000100 1001000011 1101011111 0110010000 1010101101 1000101110 1110110011 0010110100 0101101010 0101011001
3 5
00001 01100 10001
01111 11111 10010
8 9
100000001 100111110 101001001 011000001 011100111 100011000 101101111 100100111
110000001 111110110 111010000 000101111 111101111 111001001 110100111 000001001
7 10
1010000111 1011001100 1100001100 0011111101 0000111010 1101100100 0000100101
1110111000 1000010000 1001111000 0101001110 1111110011 0110001001 0101010001
6 6
100111 100010 010000 011101 101111 010101
010100 100011 010001 100110 101011 011001
4 5
00100 10001 10011 00110
00101 10010 00111 10000
6 8
11111010 10011110 01001101 00010111 11101101 10101100
00110011 11010010 10000100 11100000 01101001 10010011
1 3
110
000
2 6
111001 111000
101000 101001
3 7
0000001 0101001 0010000
0100110 1101101 0010000
10 10
0101100110 0010101110 1110010001 0111111001 1001011101 1000011011 1010000110 0010100000 0101011111 1101100000
0010000110 1001111011 1000111101 1010100000 0101111001 1110110111 1101000110 0111011111 0010001000 0101000000
10 10
1101011001 0011000111 1010100111 0111100011 0110110000 0010111110 1001010001 0101001000 1100111100 1000001110
1111101110 1001100001 1000011000 0010101000 0000000001 0011110111 1101000101 1100010110 0110011010 0111111111
7 8
00111011 11011101 10111100 11110011 01101000 10001110 01001000
11111010 11010101 00000001 00000101 00010100 00111001 10110111
2 5
00010 10001
00110 10101
10 10
1000001000 0111101111 1010010101 0100101001 0110011010 0001100110 1100111100 1011000100 1001110011 0111010011
1000100000 0000110101 0110000000 0111001001 1010010111 1011000110 1001011011 0101111010 0110111100 1101101111
10 10
1011000011 1000101001 0001101100 0111000001 0101111111 1110110010 0000010110 1111100100 1100011011 0010011100
0101110000 0111111010 1001011110 1011110111 0000101101 1111000101 0110000000 0010010011 1000001000 1100101111
10 10
1110100101 0011011010 0000101000 0011001111 0100010100 1111001111 1010000110 1101110001 0001110000 1100111011
1111101100 1000100010 0001111110 1011010000 1000110111 0110001001 1010001000 0111000011 0100110111 0101011101
6 10
0110000111 0011100000 0110110010 0011110111 0001011010 1011001101
1101000100 1000000001 1101010011 1111101001 0101111110 1000110100
5 8
01000000 11100000 10110100 00111111 11110001
01110101 00100001 00110000 11111110 10000001
8 10
0001111001 1110100101 1110000100 1100000100 0011011100 0001011100 0011111101 1100100001
1110000110 0001111011 1100100011 1100000110 1110100111 0011011110 0011111111 0001011110
10 10
1001101100 1011010010 0100101111 1000011111 1111110111 0010010000 0110000000 1011101010 0101101101 0100010001
0010110111 1000101101 0110101010 1111010000 0100101100 0101011111 1011000000 0110010010 1001010001 1001101111
10 10
1101001101 0100101000 0000110100 1001100001 0010111111 1110010010 1110011101 1011001011 0011110010 0101000110
1111111101 0011011111 1101110110 0011010000 0000001111 0110001001 1000000100 1110110000 1001101010 0100100011
10 10
0100111111 0101111000 0010001101 1100000000 1011100101 1000010011 0111000111 1001111010 0111001000 1010110110
1000010100 0100111001 0110100110 1101010001 0111001111 1011100011 1000011011 0011011100 1010100100 0101101010
4 9
100100010 000001010 000100000 100011111
000010100 000111101 011000111 110000111
10 10
0011001010 1010111111 1100111110 0011100000 0100100111 1110010000 1001000101 0101011111 1011100001 0100011000
0010101100 1010000111 1100010010 0101110011 1101101010 1010101101 0011110010 0111011101 1101010101 0000001000
8 6
001001 000111 000101 011010 100111 110000 000000 010011
101010 111011 110010 100111 110111 011010 110110 011000
4 5
10100 01100 00000 11010
11001 10101 00001 01111
6 8
11010101 11100110 00011011 00101010 11010111 00011001
00011011 11010101 00101000 11100100 00011001 11010111
10 10
0110111010 1101110101 0000110100 0110100000 1101010001 1011001110 1000000011 0110101011 1001001110 0011011101
1011011001 1110101111 0101010101 0001001010 0101110001 1110100100 1110111110 0000000111 0011001010 1000110000
10 8
10000100 01110111 01110110 10001000 10000101 10001101 01111110 10001100 01111111 01111010
01111111 01111110 10001100 01110011 10000001 10000100 01110111 10000101 10001101 01110110
10 10
1010110011 0110101011 0010111100 1101000001 0111001110 0101010110 1001001011 1100101000 0110100010 1100111010
1010010100 0100111110 1011111011 0011011001 0010001101 0111000011 0011000101 0010000111 0000010001 1001111100
10 10
1111011111 0000100000 0000110101 0000001111 0100101001 1111000010 1011111010 0011010001 1110011100 1101100110
0101111101 1000111011 1000010100 0110000111 1011001010 0111011001 0111000100 1000101110 0011100001 1100110010
10 10
0101011111 1110110010 1010110010 0111001001 1001000000 0011000101 0000111011 1101000110 0100111100 1010101101
0011100110 0111101010 0100010100 1010011101 1101101111 1001101001 0001110000 1110000010 1110011101 0000010011
10 10
0010000001 0001000101 0101110110 1010111111 1101101010 1101010100 0010101001 1010011111 0101100010 1110011000
0110111100 1001100001 0101001110 0010111011 1010100101 1010001101 0101110000 0010011011 1101000110 1101010010
10 10
1001011110 1010110111 1110101001 0111110001 1100101100 0001010110 0111011010 0000000101 0000101011 1111000000
1100011101 0010110001 0011011000 1101001110 0000110100 1100110011 0101000110 0110101111 1011101001 1011000010
2 2
11 00
01 10
3 8
11000001 01111100 10011100
01001111 00010010 00101111
10 4
1010 1100 0001 0010 0110 1110 0100 1011 1001 0011
0001 1010 0111 1111 0101 1001 0010 1101 0000 1000
9 6
011011 101010 010001 011111 101000 000001 001010 100001 000111
001000 111001 001001 101010 101011 110110 010100 101110 001101
4 6
010000 001111 000101 101110
001010 000100 010001 000101
6 10
0101001110 1001011110 0100101000 0111100001 1011110001 1000111000
1011111000 0111101000 1000110001 0100100001 0110001110 1010011110
4 5
00110 11010 11011 00111
00100 11001 00101 11000
10 9
110011101 001100000 000010000 101111101 111011001 001111010 011100010 100000011 101000011 101001000
100001001 011101000 110010001 111111011 010100011 010010110 000110010 010101000 001110110 110001011
6 8
00011000 01011000 00011011 00100111 01100011 01011011
01100101 00101010 00100101 11001110 10111110 01000011
4 10
0001010010 1001100001 0100100100 1111100100
0010000100 1111101100 0110101111 0011101101
10 10
0111111000 0111001011 0011111100 1100010100 1001100100 1110110111 1101100001 0000001011 0010001010 1000010111
1111000111 1001100111 1000010100 1101100100 0110001000 0011111010 0110111011 1100010001 0001111011 0010001100
10 10
0010100000 0000001100 0011100111 0001010010 1111011100 1110011011 0111101011 1101110110 1000001101 1100110001
0100010000 0101010111 1100100111 1011000000 1001101100 1000101011 0011000001 0111111101 0110111010 1010011110
6 9
010010100 010111100 001111110 010110100 010011100 001011110
101011000 101110000 101010000 110110010 110010010 101111000
10 10
0010110100 1101111101 0010100011 1010000000 1111101110 0101011111 1100001011 0000010000 0011000101 1101111010
1010110011 0110101000 0101111101 1001010110 1100111000 1011000101 0100001100 1011000010 0100011011 0011100111
7 7
1011101 0000001 1111110 1001010 0011101 1010100 1010000
1010010 1001110 0110001 0011111 0000101 0010010 0011011
3 8
00001001 00010110 01001100
01111011 01000100 11000010
6 5
01101 11010 11110 01001 00101 10110
00101 11010 10110 11110 01001 01101
2 8
10100111 11010000
11011000 10101111
8 7
0001010 1101111 0100000 1011101 1011111 1010000 1101011 0000011
0101001 1000101 1100110 1001100 0010110 0011011 0101101 0011001
4 7
1100111 1100001 1101001 1101111
1010000 1011110 1010110 1011000
2 10
1010000010 0001110100
1110001011 0101111101
10 10
1100110000 1010110100 1100000101 0011010011 1111011011 0001000010 1000011001 0111101100 0100101110 0011101111
1011001001 1101100111 0110010001 1111001010 1111110110 0000100000 1000001011 0011111110 0000010101 0100111100
10 10
0100000101 1011111101 0100100110 1111001001 1000010011 1110110011 0010100000 0001001010 1111011100 0001111110
1111010001 1001010111 0010101101 1100111011 1100001111 0010111000 0101100010 0011000010 0110001100 1001110100
10 10
1010100011 1101111000 1110001111 0111000110 1000001110 0101010000 0110111010 0001011101 0000110101 1011100001
1111000101 0110010110 0111111110 1001000100 0010011011 1100101010 1010110011 1101101000 0001110001 0000001101
10 10
1000010100 1001011010 1010100110 0110000011 0011110111 1111001011 1101100101 0110101100 0000011001 0101111000
1000110011 1011001000 1000011100 0110100100 0011010101 0001111011 1110101001 0100010110 1101000111 0111101010
10 10
0111000111 1110110111 0000111111 0100011100 1011001100 1101100010 0001010000 0010111011 1110000001 1001101000
1010101101 1100111010 0000001000 0110100110 1001110110 0011101011 1101010101 0100000010 0011011101 1111010001
10 9
011101000 110000010 100000010 100011010 111110101 110110000 101001000 001111101 001001111 100001110
111001110 110101101 100011001 001101101 000110101 001011001 110111111 010100111 001011100 011000100
2 9
100110001 111001100
100011110 010110010
10 10
0000111100 0001111110 1110100101 1100000110 0011000011 0101100001 1011001001 1111111000 1010011111 0100010010
1101011000 0010100110 0111111011 1000111111 1100001110 0110111001 1001100010 0100000100 0011010101 1011000001
5 8
00001000 11110000 01011010 10111000 01110110
00100000 10010000 11101110 11000010 01101000
10 10
1100010100 0100011111 0101101100 1111111110 1010010010 0011100001 0001100001 1100001111 0011010000 1010101011
0100011111 0010000010 0001110011 1011100001 1111101100 1010010010 1101011101 0100100110 1101101100 0010011001
2 9
000001110 110100100
100011000 010110010
8 10
1100010000 0111101001 1101010000 0000001001 1011011100 0100011000 1100011001 0001000011
1010110100 1101111001 1011111101 1000110000 1011000101 1010100100 1111111100 0001000111
1 8
01001111
00111010
10 10
1000100110 1100001000 0011111000 1000111101 0111001111 0110000101 0100110111 0011010010 1111011011 1001100000
0101101101 0101110110 1110101000 0010001011 1001100111 0100110000 1010011111 0001011000 1110000010 1011010101
